image: corridor_map.pgm
resolution: 0.050000
origin: [-1.548260, -8.379233, 0.000000]
negate: 0
occupied_thresh: 0.65
free_thresh: 0.196

